[home_sec.jpg]
filters=crop64=1,a6f0000ffffff7d;
crop=rect64(a6f0000ffffff7d)
moddate=66cac7720b58d401
width=4000
height=2021
textactive=1
text=2;171;31;             &#010;Page Not Found...;Copperplate Gothic Light;0.314751,0.219536,0.083229,6.283185;v1,4294967295,4294967295,128.000000,1.000000,0.500000,1.000000,400,2,49152;;142;3;404;Copperplate Gothic Light;0.399328,0.067360,0.196457,6.283185;v1,4294967295,4294967295,128.000000,1.000000,0.500000,1.000000,400,2,49152;;
